2 2
4 4
8 8
16 16
32 32
64 64
128 128
256 256
512 512
1024 1024
2048 2048
4096 4096
6160 11697
8192 8192
12220 16005
16384 16384
23500 28917
32768 32768
65536 65536
68908 76245
131072 131072
249424 339825
262144 262144
425500 570405
434784 871585
524288 524288
649990 697851
660825 678376
1017856 1340865
1048576 1048576
1077336 2067625
1238380 1823925
1252216 1483785
1568260 1899261
1754536 2479065
2097152 2097152
2166136 2580105
2362360 4895241
2482536 4740505
2537220 5736445
2876445 3171556
3957525 4791916
4177524 6516237
4194304 4194304
4287825 4416976
5224660 7524525
5559510 9868075
5641552 7589745
5654320 10058961
5917780 8024877
6224890 7336455
6274180 9087741
6711940 9012861
7475325 8273668
7626136 9100905
7851256 10350345
7920136 9152505
8388608 8388608
9026235 9843526
10416196 10812285
10764936 26974585
12391540 17856525
12482730 23369815
12494856 24829945
12760605 13931236
13324311 15706090
15243424 21080865
15422536 15439545
15575500 18442485
16042845 17971108
16777216 16777216
19028296 23872185
19050616 22882185
19139536 24607665
19555360 32263905
24707536 31895985
27679960 56588841
27792765 36993412
27799180 33616245
27866685 30194116
29164576 36456225
29180466 53763535
33041470 44179395
33554432 33554432
33624976 49405425
36433540 53459901
37542190 41337555
38158624 47698785
40682824 60923577
40704256 47596545
44230480 79511601
44588896 58831905
45131416 51394665
45495352 56802249
57399076 68721885
67108864 67108864
67195305 73809496
71570296 89870985
80524665 82771336
87587164 90895365
89574220 99149589
89740456 92586585
Tiempo: 42.351972 s
