2 2
4 4
8 8
16 16
32 32
64 64
128 128
256 256
512 512
1024 1024
2048 2048
4096 4096
6160 11697
8192 8192
12220 16005
16384 16384
23500 28917
32768 32768
65536 65536
68908 76245
131072 131072
249424 339825
262144 262144
425500 570405
434784 871585
524288 524288
649990 697851
660825 678376
1017856 1340865
1048576 1048576
1077336 2067625
1238380 1823925
1252216 1483785
1568260 1899261
1754536 2479065
2097152 2097152
2166136 2580105
2362360 4895241
2482536 4740505
2876445 3171556
3957525 4791916
4194304 4194304
4287825 4416976
Tiempo: 0.813392 s
